x1 = [1 2 0 -3 4];
x2 = [4 0 -5 1 0];